  0.316961083583718E+000  0.671151168330548E+000  0.494886343375865E-001  0.966850365815703E+000  0.220378389016480E-008  0.126232319589003E-002  0.836623245722777E-001  0.997235596728078E+000  0.817738871390624E+000                     NaN  0.361094166277313E+002 -0.535083400150161E+004
  0.313923187083268E+000  0.674159869345617E+000  0.491704065901760E-001  0.963610309093379E+000  0.224247965613782E-008  0.900155590377126E-003  0.874399219888721E-001  0.100090868968018E+001  0.832416897952919E+000                     NaN  0.366547133089273E+002 -0.535088382723701E+004
  0.322697355117205E+000  0.666503229174307E+000  0.498004576351687E-001  0.964352780939425E+000  0.217600542840141E-008  0.127200206835954E-002  0.779956879802444E-001  0.995728058585954E+000  0.814589870261481E+000                     NaN  0.352608119881129E+002 -0.535083429819143E+004
  0.314527002607744E+000  0.673585639772812E+000  0.489882902356248E-001  0.967195067034422E+000  0.214966152421198E-008  0.737984034833909E-003  0.634526128951137E-001  0.100398318143077E+001  0.820907482067305E+000                     NaN  0.354515119188790E+002 -0.535089743639442E+004
  0.313726047322809E+000  0.674187457839212E+000  0.488506757505724E-001  0.965986839116550E+000  0.222229607371266E-008  0.811795549862309E-003  0.823064323259372E-001  0.100227337827081E+001  0.832745963372444E+000                     NaN  0.363073107627426E+002 -0.535088790356419E+004
  0.327074516293938E+000  0.664589632425934E+000  0.501326731251678E-001  0.959319308041332E+000  0.211554568225264E-008  0.888391903545435E-003  0.560188159961462E-001  0.100138196637467E+001  0.814380159671335E+000                     NaN  0.365679841788599E+002 -0.535103862466275E+004
  0.326061811858580E+000  0.664541492909643E+000  0.499109011702423E-001  0.962551227405883E+000  0.220234106240643E-008  0.998311639121811E-003  0.763002571421977E-001  0.100204177006110E+001  0.828375854149542E+000                     NaN  0.363872646651230E+002 -0.535067520257130E+004
  0.314164979815804E+000  0.673403490690940E+000  0.488284750058527E-001  0.964409112202188E+000  0.217261503147323E-008  0.825920117663054E-003  0.740722578635335E-001  0.998740825046232E+000  0.822437929409839E+000                     NaN  0.365939289385808E+002 -0.535087435170631E+004
  0.308386998160934E+000  0.678010813126931E+000  0.486490057591947E-001  0.969346335050002E+000  0.223087985012860E-008  0.978903823670311E-003  0.846065081530133E-001  0.100290488792994E+001  0.827025119792184E+000                     NaN  0.360457007528764E+002 -0.535062510533620E+004
  0.305881746167839E+000  0.680025634356331E+000  0.484605678382816E-001  0.969724551255513E+000  0.218672256553160E-008  0.834094279434820E-003  0.778243042429779E-001  0.100043938093876E+001  0.820992037403878E+000                     NaN  0.367053262149692E+002 -0.535101745403990E+004
  0.323660421889571E+000  0.665704922978724E+000  0.502732714014389E-001  0.963869354948737E+000  0.218969583847787E-008  0.176146587448391E-002  0.757701522470358E-001  0.100136872116891E+001  0.803688944375229E+000                     NaN  0.365708988526592E+002 -0.535092124808658E+004
  0.323269667642616E+000  0.666254252604428E+000  0.499799549579265E-001  0.964893567477308E+000  0.224677574414211E-008  0.161056571520804E-002  0.893943477461533E-001  0.100024332121580E+001  0.819322812331177E+000                     NaN  0.367160342465919E+002 -0.535103596466936E+004
  0.330809666523294E+000  0.660859360641348E+000  0.505838352262278E-001  0.961680516211115E+000  0.216418329976877E-008  0.157347266163811E-002  0.698395533297897E-001  0.100017926837398E+001  0.807747346468732E+000                     NaN  0.367181996917237E+002 -0.535084740191520E+004
  0.328890355381016E+000  0.662135337270063E+000  0.504433837091827E-001  0.961745549612544E+000  0.218093421698044E-008  0.172267718279561E-002  0.729665728829555E-001  0.100059090701505E+001  0.806209538703440E+000                     NaN  0.366928369756814E+002 -0.535107776931331E+004
  0.303831114502427E+000  0.681420307261528E+000  0.480866592640522E-001  0.968025651507507E+000  0.221270335090133E-008  0.613652399652980E-003  0.842297016170137E-001  0.100013754809602E+001  0.830078543470012E+000                     NaN  0.367192571054191E+002 -0.535081618626487E+004
  0.322930790106332E+000  0.667015084497133E+000  0.498851859133632E-001  0.963861396605982E+000  0.215928237298311E-008  0.920253128315397E-003  0.697139913609761E-001  0.999111385643315E+000  0.820157717628203E+000                     NaN  0.366575998257239E+002 -0.535100803949557E+004
  0.332479248954527E+000  0.660274555417752E+000  0.509115583640831E-001  0.961400582947350E+000  0.216314935731579E-008  0.151639339542211E-002  0.624649360202191E-001  0.100607882357393E+001  0.809588213899229E+000                     NaN  0.337646029802796E+002 -0.535090168000935E+004
  0.318395339383237E+000  0.670594227403427E+000  0.493590141043687E-001  0.962331586429767E+000  0.220745576865234E-008  0.772987171323934E-003  0.783516606515290E-001  0.100155778881137E+001  0.831083546260908E+000                     NaN  0.365266341852513E+002 -0.535032904139670E+004
  0.318218256890082E+000  0.670396159052554E+000  0.495537671268984E-001  0.964363914116818E+000  0.221510334123775E-008  0.113973824479753E-002  0.815208195423098E-001  0.100145761713228E+001  0.823112385351030E+000                     NaN  0.365507988473718E+002 -0.535056747860920E+004
  0.323125192123547E+000  0.665798714081354E+000  0.500928423557129E-001  0.967338785971296E+000  0.221575984905102E-008  0.187864034917989E-002  0.809784018975401E-001  0.100247299510412E+001  0.806598649519844E+000                     NaN  0.362315142809177E+002 -0.535089820321129E+004
  0.310821852270174E+000  0.676016720267986E+000  0.486620470491578E-001  0.964371722531593E+000  0.221364379897615E-008  0.640776862190359E-003  0.802756445591868E-001  0.100222701660220E+001  0.832275301191746E+000                     NaN  0.363240024279996E+002 -0.535027934004176E+004
  0.306057123007752E+000  0.679635339523600E+000  0.481564065626031E-001  0.966608477645168E+000  0.215138678017233E-008  0.604299302733083E-003  0.654549965634376E-001  0.100317485045386E+001  0.820005270106525E+000                     NaN  0.359143966313680E+002 -0.535094252322215E+004
  0.315793270588567E+000  0.671417933109957E+000  0.495111892158565E-001  0.967083439956364E+000  0.220098993963704E-008  0.162272070572837E-002  0.768127873979987E-001  0.100343436757761E+001  0.806519245088865E+000                     NaN  0.357771802110646E+002 -0.535106794923320E+004
  0.323621886532234E+000  0.666403696484456E+000  0.497624115110939E-001  0.963989457784113E+000  0.219130664812278E-008  0.993664135874487E-003  0.767896011971768E-001  0.100007345494954E+001  0.825575433785528E+000                     NaN  0.367203390133475E+002 -0.535085902254334E+004
  0.312838562160605E+000  0.674027135551327E+000  0.489045374027899E-001  0.964589471553579E+000  0.217445365070033E-008  0.796349799725957E-003  0.736338523443534E-001  0.100001334182837E+001  0.821381845299324E+000                     NaN  0.367207564233657E+002 -0.535066498809657E+004
  0.326196569054086E+000  0.665484615439003E+000  0.499588470772600E-001  0.958793410334307E+000  0.215533173954994E-008  0.790793554330298E-003  0.659375924357794E-001  0.999906852663568E+000  0.824531787262205E+000                     NaN  0.367200765496137E+002 -0.535107371866700E+004
  0.319335285903078E+000  0.669618125409283E+000  0.494395472449644E-001  0.963634008499535E+000  0.220080725613111E-008  0.104212183530573E-002  0.804462136113607E-001  0.998036812341272E+000  0.823961580274778E+000                     NaN  0.364124422010458E+002 -0.535079277874081E+004
  0.315596230783477E+000  0.672495063393619E+000  0.493390703507335E-001  0.965087312671700E+000  0.221954457479987E-008  0.877812409231013E-003  0.837066918432059E-001  0.100034861588577E+001  0.829259094851583E+000                     NaN  0.367110480208514E+002 -0.535076655746516E+004
  0.325482296283402E+000  0.664852207617578E+000  0.501939736370917E-001  0.966119516810411E+000  0.221438402136003E-008  0.128861897688374E-002  0.791479261630946E-001  0.100279095942068E+001  0.822769469544715E+000                     NaN  0.360976143046876E+002 -0.535102014822752E+004
  0.310539137980693E+000  0.675733696987939E+000  0.489617552991084E-001  0.969402692234499E+000  0.221852105401593E-008  0.110548152241286E-002  0.853285293512973E-001  0.999942714051193E+000  0.821275359549868E+000                     NaN  0.367205081293220E+002 -0.535098527639544E+004
  0.327071831795132E+000  0.664165212401956E+000  0.504226740755351E-001  0.960329490202861E+000  0.217348696150885E-008  0.149970015121042E-002  0.684914857499702E-001  0.100316458637056E+001  0.809338021717785E+000                     NaN  0.359196021119767E+002 -0.535102890861458E+004
  0.330152672430252E+000  0.660849445749308E+000  0.507096612192162E-001  0.961199202273718E+000  0.216269886669892E-008  0.182993701745234E-002  0.656344903044216E-001  0.100398348384480E+001  0.799385601566603E+000                     NaN  0.354513191803737E+002 -0.535096079447658E+004
  0.311958458316938E+000  0.674345718151199E+000  0.488761480947489E-001  0.966679273802070E+000  0.219465029146291E-008  0.959053602854570E-003  0.829819790356450E-001  0.996409086887112E+000  0.820819213983901E+000                     NaN  0.356891981049719E+002 -0.535091247568739E+004
  0.322126808256331E+000  0.666441314063583E+000  0.496763982519471E-001  0.961171677346778E+000  0.218905892046167E-008  0.117313388919205E-002  0.722188857040118E-001  0.100437624756692E+001  0.817607385535291E+000                     NaN  0.351886472423597E+002 -0.535097817912178E+004
  0.320146681794223E+000  0.669249006138976E+000  0.499168407494393E-001  0.968102922278563E+000  0.224415315699076E-008  0.139883911651232E-002  0.864614474597006E-001  0.100275991068601E+001  0.823747704183000E+000                     NaN  0.361114021041365E+002 -0.535102449018350E+004
  0.318992071530591E+000  0.670723008459953E+000  0.495529940009575E-001  0.964846209895274E+000  0.220174427098455E-008  0.765772001345991E-003  0.744345738217081E-001  0.100357017257629E+001  0.831365756363051E+000                     NaN  0.357010800857575E+002 -0.535068677773314E+004
  0.334227020889551E+000  0.658669017261845E+000  0.508733295206873E-001  0.961048172840608E+000  0.217653041438269E-008  0.163326221212840E-002  0.723709379926379E-001  0.999516150150092E+000  0.810271788162884E+000                     NaN  0.367020418095360E+002 -0.535093676065541E+004
  0.318762354450202E+000  0.669423673914066E+000  0.491030352500759E-001  0.963538140195023E+000  0.219270774935196E-008  0.728362605903523E-003  0.745770302577940E-001  0.100318902380272E+001  0.830011090317909E+000                     NaN  0.359071808385704E+002 -0.535091638019757E+004
  0.318294150383048E+000  0.670298271947105E+000  0.491355715923462E-001  0.964102255844475E+000  0.212482980402774E-008  0.747038076319122E-003  0.624444269159954E-001  0.998517173915806E+000  0.816997125475128E+000                     NaN  0.365448688080392E+002 -0.535105590154267E+004
  0.319321494480734E+000  0.670142661834585E+000  0.494221070015036E-001  0.965945931941538E+000  0.218827887593885E-008  0.904706458580872E-003  0.776526953241648E-001  0.998254351433363E+000  0.826384212333776E+000                     NaN  0.364769875502603E+002 -0.535096690823965E+004
  0.318602511683550E+000  0.669701980919933E+000  0.494701327108933E-001  0.966108916450990E+000  0.222595190857587E-008  0.126713103476550E-002  0.808867124330204E-001  0.100418549850163E+001  0.822755107927773E+000                     NaN  0.353192988471466E+002 -0.535048346018558E+004
  0.326998070588628E+000  0.665130763978496E+000  0.499317868486459E-001  0.960814040333545E+000  0.217445381019036E-008  0.688273442047692E-003  0.688269311142937E-001  0.100187419894140E+001  0.832285580006682E+000                     NaN  0.364397609299610E+002 -0.535098021514566E+004
  0.326979052336633E+000  0.663640546526284E+000  0.503353897598934E-001  0.961004008760005E+000  0.216309564103761E-008  0.153639926471099E-002  0.675330790596188E-001  0.100219187355522E+001  0.806196988522734E+000                     NaN  0.363364258891489E+002 -0.535082483254199E+004
  0.303895561092396E+000  0.681267810602950E+000  0.482207795805309E-001  0.968424212528436E+000  0.227068509915601E-008  0.659031383562059E-003  0.965524193298662E-001  0.100040945993473E+001  0.839150778183814E+000                     NaN  0.367073580686644E+002 -0.535091275040991E+004
  0.321526418059776E+000  0.667742287222506E+000  0.498866226603347E-001  0.967137875556877E+000  0.219893736264968E-008  0.134420175982302E-002  0.751303996355975E-001  0.100355990119982E+001  0.816871423527088E+000                     NaN  0.357069389395188E+002 -0.535089249182742E+004
  0.307883283547577E+000  0.678805921386755E+000  0.486462322701343E-001  0.969530234573126E+000  0.219874728861025E-008  0.692827420730684E-003  0.767009269601203E-001  0.100295071662052E+001  0.827939930065679E+000                     NaN  0.360242323777471E+002 -0.535082536619196E+004
  0.311359914042698E+000  0.675197029480457E+000  0.487025899399279E-001  0.968638144367604E+000  0.219644283187965E-008  0.770877277825605E-003  0.805335080404996E-001  0.999036688807374E+000  0.827077337765692E+000                     NaN  0.366465331874093E+002 -0.535076518298509E+004
  0.326209094396489E+000  0.663692886591765E+000  0.505256855683713E-001  0.963970504558333E+000  0.227275873979250E-008  0.196568885887760E-002  0.908660985764950E-001  0.100465436103672E+001  0.814610395685450E+000                     NaN  0.349877245309058E+002 -0.535088456488095E+004
  0.323807419387693E+000  0.665245030511281E+000  0.501037786704205E-001  0.963032923817774E+000  0.224118543967066E-008  0.168828956622693E-002  0.868514994930935E-001  0.100164791893052E+001  0.815020798542639E+000                     NaN  0.365035197195907E+002 -0.535099547960131E+004
  0.316079150695963E+000  0.672274932120002E+000  0.492926756636994E-001  0.965846262706676E+000  0.220653756706390E-008  0.119048281214995E-002  0.817487501982256E-001  0.999092471444763E+000  0.820509234432719E+000                     NaN  0.366548820174308E+002 -0.535099601938480E+004
  0.330035196217621E+000  0.662573619285600E+000  0.504586500869217E-001  0.961444786015388E+000  0.220846461960286E-008  0.942232393068462E-003  0.761212865434826E-001  0.100267028441706E+001  0.832583523741045E+000                     NaN  0.361503371542764E+002 -0.535085916742644E+004
  0.306460370498374E+000  0.679635835998916E+000  0.483446222112567E-001  0.965947366123968E+000  0.218972655568094E-008  0.733604703602791E-003  0.748504085287757E-001  0.100370568387869E+001  0.823964344121157E+000                     NaN  0.356222032230157E+002 -0.535107053655048E+004
  0.315807281311368E+000  0.671920210506491E+000  0.491008792694277E-001  0.965908627088094E+000  0.213945422802893E-008  0.874465597900641E-003  0.643873293059530E-001  0.100101304657316E+001  0.815271415435744E+000                     NaN  0.366386695949655E+002 -0.535076420677927E+004
  0.304996548230456E+000  0.680211861785841E+000  0.484657397270098E-001  0.968819493918330E+000  0.226400929503577E-008  0.103486738229734E-002  0.923480657171190E-001  0.100385167064636E+001  0.828604061666928E+000                     NaN  0.355339413222715E+002 -0.535104847442760E+004
  0.317588610541481E+000  0.671336786579411E+000  0.494458983317014E-001  0.966418298706178E+000  0.219922466884006E-008  0.100415345710386E-002  0.755130822345443E-001  0.100347455489104E+001  0.824668644490703E+000                     NaN  0.357549681284472E+002 -0.535047072425277E+004
  0.311007128586026E+000  0.675671634215899E+000  0.489157862316989E-001  0.969746335311847E+000  0.221221683816547E-008  0.112938616821807E-002  0.784247537499279E-001  0.100519449549519E+001  0.820751332352651E+000                     NaN  0.345621479877531E+002 -0.535063418201634E+004
  0.322404795149463E+000  0.667338410896443E+000  0.496000564967608E-001  0.961808072965070E+000  0.218642518800681E-008  0.750848061382755E-003  0.810700927351559E-001  0.994301432826867E+000  0.829422040642812E+000                     NaN  0.341228772375801E+002 -0.535100437004175E+004
  0.338212251060131E+000  0.654418361530959E+000  0.516227123467335E-001  0.961942436415175E+000  0.220714999494663E-008  0.255765933315216E-002  0.768994858804889E-001  0.100330689898496E+001  0.791715931921450E+000                     NaN  0.358459241919768E+002 -0.535103244235445E+004
  0.320856530015776E+000  0.667973329170982E+000  0.498243649463432E-001  0.964598385981071E+000  0.214821181073013E-008  0.127388763201499E-002  0.656693227191440E-001  0.100193633431241E+001  0.807855729975571E+000                     NaN  0.364208194181641E+002 -0.535093768747270E+004
  0.319764347052137E+000  0.669857737212464E+000  0.495786900005989E-001  0.962911833681869E+000  0.218884398369200E-008  0.632472924224013E-003  0.736279163830660E-001  0.100116584866498E+001  0.831518021746426E+000                     NaN  0.366120344149457E+002 -0.535095658829615E+004
  0.314997263054751E+000  0.673498383258299E+000  0.492507629064545E-001  0.965082398841621E+000  0.216458019543094E-008  0.605745530631717E-003  0.698377454943929E-001  0.100104687904394E+001  0.825852223400501E+000                     NaN  0.366330942051056E+002 -0.535085123898616E+004
  0.325162914398596E+000  0.666513725484445E+000  0.498898722950123E-001  0.958919942394818E+000  0.216643031012014E-008  0.621192339857774E-003  0.642691665870312E-001  0.100376474906535E+001  0.830378085692503E+000                     NaN  0.355869038217097E+002 -0.535101239202344E+004
  0.325744837086707E+000  0.664688239822464E+000  0.500884074962058E-001  0.963215884498047E+000  0.217421727933682E-008  0.122367373753766E-002  0.701046918146801E-001  0.100251284992943E+001  0.816714228803483E+000                     NaN  0.362156174822913E+002 -0.535051796473608E+004
  0.319641224531400E+000  0.669567310298550E+000  0.491230723583715E-001  0.960909273284187E+000  0.213927997156065E-008  0.630625759687462E-003  0.607394265516229E-001  0.100309977619213E+001  0.823059367264931E+000                     NaN  0.359520816684114E+002 -0.535106303820498E+004
  0.319099002202401E+000  0.669799439633916E+000  0.495236134980970E-001  0.966470705855433E+000  0.222049068790823E-008  0.115960741216907E-002  0.861495022936403E-001  0.998105976537650E+000  0.825077560916208E+000                     NaN  0.364337846736419E+002 -0.535097732836001E+004
  0.310171315989480E+000  0.676145354040797E+000  0.488965145195652E-001  0.966114895078228E+000  0.219607742515102E-008  0.112482463431616E-002  0.815661254869311E-001  0.998066847033502E+000  0.815806781326038E+000                     NaN  0.364218042323660E+002 -0.535105603609888E+004
  0.332772530929042E+000  0.659948324836699E+000  0.507508844816302E-001  0.959573141483844E+000  0.219731204062744E-008  0.149184793481725E-002  0.739206635725435E-001  0.100195134442330E+001  0.816805246509970E+000                     NaN  0.364161510590486E+002 -0.535105361748114E+004
  0.311960762619757E+000  0.676351888269196E+000  0.490459155396086E-001  0.962935449574105E+000  0.218772947965795E-008  0.644840799049548E-003  0.728486689897579E-001  0.100312674376920E+001  0.827699773275500E+000                     NaN  0.359386485358590E+002 -0.535105393761315E+004
  0.319429818278597E+000  0.668752789703417E+000  0.493011045320883E-001  0.961776400159327E+000  0.215458928885571E-008  0.108820521513512E-002  0.661892228947304E-001  0.100248902727799E+001  0.813237910332604E+000                     NaN  0.362251501204696E+002 -0.535105241329947E+004
  0.312125586742255E+000  0.673947804752495E+000  0.487433336725930E-001  0.966764438256594E+000  0.218039840241930E-008  0.993637049432207E-003  0.782942086145505E-001  0.998315133351244E+000  0.817790594872814E+000                     NaN  0.364936686137892E+002 -0.535103452219110E+004
  0.318570921033191E+000  0.669162187566323E+000  0.492870165926688E-001  0.963020812443718E+000  0.221384836690659E-008  0.109719290720978E-002  0.782063386159591E-001  0.100375868216389E+001  0.823698345954171E+000                     NaN  0.355905553349860E+002 -0.535103788676834E+004
  0.307917756848682E+000  0.677498966388239E+000  0.487047227642940E-001  0.969189053111920E+000  0.221493481951702E-008  0.132747620826064E-002  0.827898572883397E-001  0.100242696005799E+001  0.813603683740408E+000                     NaN  0.362495598538696E+002 -0.535106525231123E+004
  0.317023753734440E+000  0.672185596496414E+000  0.493898600907145E-001  0.963849588994017E+000  0.227113646888977E-008  0.861859686315363E-003  0.908710558972449E-001  0.100388738200197E+001  0.841014429557484E+000                     NaN  0.355118315573779E+002 -0.535092231884903E+004
  0.322431996475203E+000  0.667452446518536E+000  0.500384673848926E-001  0.965576505228172E+000  0.218396324349695E-008  0.148352085418761E-002  0.737106407090342E-001  0.100198426736964E+001  0.811116088706912E+000                     NaN  0.364057853041794E+002 -0.535097744241589E+004
  0.326388973956066E+000  0.663547289950746E+000  0.503356665744096E-001  0.964311930440371E+000  0.222203684614314E-008  0.158927833947709E-002  0.823679064111112E-001  0.100113423345354E+001  0.815729596774835E+000                     NaN  0.366178518215454E+002 -0.535103949935648E+004
  0.304374105259872E+000  0.680346940729049E+000  0.481562407857711E-001  0.968129140455118E+000  0.220267648595972E-008  0.734924871583273E-003  0.834255684532571E-001  0.998570213820548E+000  0.824674157752190E+000                     NaN  0.365572275822004E+002 -0.535081133321077E+004
  0.322362013566292E+000  0.666521491569851E+000  0.498145252636146E-001  0.964297699884973E+000  0.217663966143960E-008  0.115693466022093E-002  0.703467557098501E-001  0.100359702983381E+001  0.816525888743583E+000                     NaN  0.356856807736925E+002 -0.535086905728213E+004
  0.331612628283628E+000  0.659825252603837E+000  0.507691309679356E-001  0.959780294461994E+000  0.218931399216103E-008  0.181501595206122E-002  0.733003291371907E-001  0.100209190495009E+001  0.805198722505617E+000                     NaN  0.363706853581008E+002 -0.535107251719388E+004
  0.311769370348814E+000  0.675037114315104E+000  0.488751270744505E-001  0.964619316821848E+000  0.216199838486819E-008  0.928243162943867E-003  0.730873754360863E-001  0.998480755640176E+000  0.815403192613184E+000                     NaN  0.365361223897280E+002 -0.535090200722098E+004
  0.315079318461977E+000  0.673249277720258E+000  0.492962016928770E-001  0.966072197832712E+000  0.218959582154161E-008  0.848718552416911E-003  0.755047583786296E-001  0.100071903023126E+001  0.824904319610865E+000                     NaN  0.366794103058388E+002 -0.535087157109438E+004
  0.320232624805450E+000  0.669112522693383E+000  0.496920654890038E-001  0.962479217191631E+000  0.216682351621261E-008  0.867743970803160E-003  0.692651719963421E-001  0.100223241879146E+001  0.821103554130152E+000                     NaN  0.363220751708787E+002 -0.535105745732488E+004
  0.313052561527621E+000  0.674563036445421E+000  0.489447950670916E-001  0.968006588810017E+000  0.225278307053763E-008  0.890790433138452E-003  0.866613411423589E-001  0.100477462632876E+001  0.835886648997882E+000                     NaN  0.348970061373717E+002 -0.535047556147773E+004
  0.316810589787328E+000  0.672628385025626E+000  0.492851498017099E-001  0.963037071791341E+000  0.218380557535083E-008  0.663858279970442E-003  0.744886668247117E-001  0.999032797093329E+000  0.829494183648987E+000                     NaN  0.366459321467027E+002 -0.535103590649412E+004
  0.311367562070540E+000  0.676446594341268E+000  0.490240761594049E-001  0.965636678235794E+000  0.228274508708131E-008  0.757235906765595E-003  0.950604485658663E-001  0.100258378347632E+001  0.842712840550968E+000                     NaN  0.361866956995175E+002 -0.535099764783542E+004
  0.321404082296910E+000  0.667362631011188E+000  0.497794264037928E-001  0.965405451574687E+000  0.223106650417079E-008  0.135739778228284E-002  0.890003839017069E-001  0.997232067500684E+000  0.821897728505660E+000                     NaN  0.361078546380550E+002 -0.535095678424206E+004
  0.313910694742818E+000  0.673794133335604E+000  0.488760601180719E-001  0.963028012384175E+000  0.211971941519519E-008  0.634904412860192E-003  0.564364368309673E-001  0.100327198945057E+001  0.816104518739912E+000                     NaN  0.358642974665434E+002 -0.535105860337846E+004
  0.323662472786508E+000  0.664950922887523E+000  0.500440195857703E-001  0.964876124505271E+000  0.218889671867566E-008  0.165860026757641E-002  0.753845322824514E-001  0.100170892058427E+001  0.806297936761640E+000                     NaN  0.364871378986500E+002 -0.535096551339706E+004
  0.315545156285179E+000  0.673116811679094E+000  0.491038739144597E-001  0.965523681188012E+000  0.213429059487693E-008  0.656049725916583E-003  0.624257329766319E-001  0.100074825459116E+001  0.820085234092733E+000                     NaN  0.366759798690606E+002 -0.535090753213095E+004
  0.323755727647949E+000  0.667228738123069E+000  0.497784581985210E-001  0.963345054757446E+000  0.214653067783563E-008  0.804471645746976E-003  0.639154640192317E-001  0.100162044015636E+001  0.822653623608072E+000                     NaN  0.365107045596901E+002 -0.535103187254648E+004
  0.316139078860417E+000  0.671695409211999E+000  0.492159825453343E-001  0.966731701778263E+000  0.223829833410197E-008  0.999022742062376E-003  0.898564536604776E-001  0.998673664997071E+000  0.830922423655192E+000                     NaN  0.365800375005169E+002 -0.535077690534918E+004
  0.331592238272041E+000  0.660638823530207E+000  0.508881981049840E-001  0.962158885760738E+000  0.218965137117758E-008  0.169720101076821E-002  0.703245184302878E-001  0.100481031340242E+001  0.809404756696286E+000                     NaN  0.348696414613594E+002 -0.535067245547500E+004
  0.320974176967090E+000  0.667643908972770E+000  0.496319011413917E-001  0.963840557343762E+000  0.219350196775783E-008  0.111382278914737E-002  0.761220575191461E-001  0.100131914623294E+001  0.820595641086130E+000                     NaN  0.365815589210063E+002 -0.535066825031198E+004
  0.317633136718535E+000  0.669947283423139E+000  0.495183441962020E-001  0.965692275210110E+000  0.220762866324523E-008  0.156120613661197E-002  0.788367726500652E-001  0.100357004071634E+001  0.810313393977317E+000                     NaN  0.357011554064119E+002 -0.535085067469466E+004
  0.316025054643776E+000  0.672183785398861E+000  0.493748170357660E-001  0.963333422218731E+000  0.222720764981671E-008  0.104068564402700E-002  0.834237451222094E-001  0.100201262276744E+001  0.826507445331203E+000                     NaN  0.363967186313947E+002 -0.535069211272000E+004
  0.320544362639254E+000  0.667791806499720E+000  0.494879093367328E-001  0.964080313251651E+000  0.222182799355851E-008  0.101844561676773E-002  0.796118831344570E-001  0.100505164342461E+001  0.828075675744275E+000                     NaN  0.346792425605659E+002 -0.535080770132067E+004
  0.312817947604766E+000  0.674806716487114E+000  0.490335209093083E-001  0.967711538470174E+000  0.220004872403465E-008  0.821430588163960E-003  0.804800488964632E-001  0.998873401137010E+000  0.827016350435361E+000                     NaN  0.366192326638692E+002 -0.535076239901265E+004
  0.308305542679214E+000  0.677159294347386E+000  0.484843067979359E-001  0.968633616404292E+000  0.217461216960893E-008  0.969146962128679E-003  0.762144070240646E-001  0.998970658630250E+000  0.815990697288330E+000                     NaN  0.366360071712782E+002 -0.535091710771883E+004
  0.319226737205830E+000  0.670889078561104E+000  0.497217565498867E-001  0.962134245793566E+000  0.220898976919573E-008  0.907241293075421E-003  0.759755115617101E-001  0.100414993207109E+001  0.828457173954938E+000                     NaN  0.353430157681456E+002 -0.535090085509305E+004
  0.313951389959856E+000  0.673315025355281E+000  0.490371835005914E-001  0.967094681352080E+000  0.225989130444697E-008  0.825616811408811E-003  0.879133713297494E-001  0.100483789100163E+001  0.838008709524755E+000                     NaN  0.348483555162256E+002 -0.535074267651699E+004
  0.324300362491266E+000  0.664866355566961E+000  0.502740708844987E-001  0.967804226957214E+000  0.226381294121405E-008  0.192991563046213E-002  0.900727827235384E-001  0.100441865712902E+001  0.814233251137246E+000                     NaN  0.351588081978114E+002 -0.535084652636994E+004
  0.320811274953784E+000  0.668327556534367E+000  0.497788455261771E-001  0.961035402887519E+000  0.218736453162371E-008  0.102702380646637E-002  0.735995823633090E-001  0.100201987577152E+001  0.820381648568319E+000                     NaN  0.363943788131254E+002 -0.535101463022616E+004
  0.314229718689569E+000  0.672772904179013E+000  0.493111279021587E-001  0.967806165059011E+000  0.223255339513336E-008  0.154695834095915E-002  0.858329018072005E-001  0.100219545628475E+001  0.814142295782911E+000                     NaN  0.363351683998557E+002 -0.535086737132144E+004
  0.323889532974631E+000  0.666646537142587E+000  0.497633104549181E-001  0.961205374969683E+000  0.217215696013369E-008  0.802033370855644E-003  0.701897258844865E-001  0.100142382764127E+001  0.826430743068223E+000                     NaN  0.365585878515523E+002 -0.535057644309769E+004
  0.314676968537376E+000  0.674106960029073E+000  0.492937674679829E-001  0.964112221219288E+000  0.225497694305384E-008  0.628629736242333E-003  0.894589632115893E-001  0.100144611673586E+001  0.842086035591660E+000                     NaN  0.365534703746170E+002 -0.535099377706266E+004
  0.322740239609707E+000  0.667642340882248E+000  0.500951821938011E-001  0.963646018304929E+000  0.223516777063608E-008  0.128621994794986E-002  0.849597344567226E-001  0.100068220554782E+001  0.825133970459560E+000                     NaN  0.366835383109579E+002 -0.535104804232730E+004
  0.316871190778723E+000  0.671299100973945E+000  0.491645223156563E-001  0.963674993108696E+000  0.217287289653761E-008  0.897409982663167E-003  0.727815302901617E-001  0.999667068977899E+000  0.821285381837121E+000                     NaN  0.367119032184783E+002 -0.535057729367900E+004
  0.336090805129635E+000  0.656824312692385E+000  0.511947590570270E-001  0.960093773454483E+000  0.216527037363210E-008  0.186473861671852E-002  0.634046825737732E-001  0.100648632843654E+001  0.801655001995372E+000                     NaN  0.333549741367799E+002 -0.535079619073665E+004
  0.329636048729144E+000  0.662992092161651E+000  0.503237727971824E-001  0.962150684962199E+000  0.217037088272808E-008  0.100367439049744E-002  0.646722623969135E-001  0.100517386360973E+001  0.824663982067063E+000                     NaN  0.345792614915519E+002 -0.535099214770154E+004
  0.319904180373439E+000  0.668833399650141E+000  0.497740441665136E-001  0.965437547175165E+000  0.224556791792476E-008  0.155961160301668E-002  0.881518697943034E-001  0.100170096496675E+001  0.818866465021099E+000                     NaN  0.364893081182668E+002 -0.535082390329751E+004
  0.334307333073222E+000  0.658394169125815E+000  0.510933664495563E-001  0.961749345050624E+000  0.216743475417681E-008  0.181270677784701E-002  0.665972634327610E-001  0.100403286198002E+001  0.803251725672647E+000                     NaN  0.354196526037220E+002 -0.535081551610092E+004
  0.319647817150727E+000  0.669786932041730E+000  0.495712324983960E-001  0.962870802342937E+000  0.217361700073159E-008  0.104518448724926E-002  0.709939239312700E-001  0.100060410992486E+001  0.818772977609506E+000                     NaN  0.366915747596111E+002 -0.535100038946156E+004
  0.318477856609597E+000  0.669789871011452E+000  0.497326610705280E-001  0.966311690855123E+000  0.223228931341932E-008  0.159847347892461E-002  0.873259684351701E-001  0.999510787186617E+000  0.814519865266572E+000                     NaN  0.367016243295742E+002 -0.535099686759546E+004
  0.326942869647280E+000  0.665041426046435E+000  0.502459277061432E-001  0.960719571678542E+000  0.219706937026559E-008  0.938573576133491E-003  0.718061037117516E-001  0.100364918702224E+001  0.829032973956353E+000                     NaN  0.356554453898524E+002 -0.535094790850374E+004
  0.324374242084019E+000  0.665150941325231E+000  0.500394772648432E-001  0.962099681846597E+000  0.219505362983206E-008  0.145808180889364E-002  0.761042984653030E-001  0.100137718437402E+001  0.813129961499288E+000                     NaN  0.365690397197125E+002 -0.535073211249642E+004
  0.320177751370715E+000  0.669788408504459E+000  0.493446516443282E-001  0.962309438158880E+000  0.220348512781172E-008  0.713726335035875E-003  0.773947955033063E-001  0.100083803209334E+001  0.834119887853436E+000                     NaN  0.366645868405589E+002 -0.535093501877612E+004
  0.320279620110573E+000  0.668547674372143E+000  0.498156358066393E-001  0.964803245580337E+000  0.219017194434899E-008  0.127938908295635E-002  0.783628761794495E-001  0.998472555661013E+000  0.815373776104603E+000                     NaN  0.365341237670202E+002 -0.535082747071237E+004
  0.322847788934416E+000  0.666508473108214E+000  0.503431313762767E-001  0.965470434075606E+000  0.224432146569997E-008  0.186177947345465E-002  0.857524009177859E-001  0.100430541649447E+001  0.810934959924383E+000                     NaN  0.352378417684505E+002 -0.535101476306201E+004
  0.318894276013013E+000  0.671392367006834E+000  0.496417781890992E-001  0.965041534771184E+000  0.224761273912210E-008  0.829950207182140E-003  0.841245141477481E-001  0.100413820787391E+001  0.838867667041514E+000                     NaN  0.353507895111028E+002 -0.535097778934839E+004
  0.306684120506582E+000  0.678388582106817E+000  0.483541821436482E-001  0.969750976710646E+000  0.226810402623658E-008  0.957507311296658E-003  0.923864563947013E-001  0.100373349320627E+001  0.833022483649514E+000                     NaN  0.356056529420124E+002 -0.535099324228656E+004
  0.309046871996061E+000  0.676598647492438E+000  0.483498431231955E-001  0.967162934911046E+000  0.220199906326465E-008  0.695730831969610E-003  0.819703676686788E-001  0.999054746566244E+000  0.828486572895818E+000                     NaN  0.366492903393943E+002 -0.535077057589530E+004
  0.320967970812173E+000  0.667629102635067E+000  0.499472403513229E-001  0.964693875212013E+000  0.220695027710069E-008  0.157157311030310E-002  0.795707546246674E-001  0.100177206499394E+001  0.810784198707659E+000                     NaN  0.364695535162973E+002 -0.535071491624285E+004
  0.306922234526125E+000  0.679227987973254E+000  0.483552874633139E-001  0.969077162854287E+000  0.219962212942767E-008  0.642106920502618E-003  0.816514948648640E-001  0.998209146998315E+000  0.829233959183535E+000                     NaN  0.364641983058248E+002 -0.535083105641759E+004
  0.326969225003878E+000  0.665146236168211E+000  0.500739980892804E-001  0.960670914161294E+000  0.216906486547053E-008  0.632949258643371E-003  0.716080802420110E-001  0.997809419804546E+000  0.831734736970444E+000                     NaN  0.363368793362991E+002 -0.535085965631202E+004
  0.330606265474887E+000  0.661067777531174E+000  0.507616990065259E-001  0.961907167859781E+000  0.215874308428782E-008  0.173407472044921E-002  0.708662083047820E-001  0.997918312306851E+000  0.802078245368524E+000                     NaN  0.363740967715718E+002 -0.535098875084911E+004
  0.319044636623219E+000  0.670585891183255E+000  0.493895909726604E-001  0.962541494474206E+000  0.217920829622588E-008  0.952229945248585E-003  0.678597178362598E-001  0.100529115871935E+001  0.822769678565251E+000                     NaN  0.344810618162476E+002 -0.535102134282990E+004
  0.313651757070430E+000  0.673070346512168E+000  0.491290265923471E-001  0.969687373924562E+000  0.219735723089724E-008  0.123477100837911E-002  0.758604618770058E-001  0.100398144925238E+001  0.815988118208503E+000                     NaN  0.354526156117750E+002 -0.535103004314244E+004
  0.313565254378972E+000  0.673871922742343E+000  0.490721213955563E-001  0.964733490569117E+000  0.214546577835987E-008  0.105438841290930E-002  0.655105817257549E-001  0.100150077238333E+001  0.810326636776272E+000                     NaN  0.365405852439913E+002 -0.535089731399109E+004
  0.303146211047545E+000  0.681757386138919E+000  0.480072193235027E-001  0.966666310090573E+000  0.220361214487093E-008  0.662815133341103E-003  0.828174627727650E-001  0.998847185651081E+000  0.826268699707398E+000                     NaN  0.366144521898706E+002 -0.535095884327635E+004
  0.326945172692590E+000  0.663275550928467E+000  0.502025284496093E-001  0.961841135880722E+000  0.224263353964958E-008  0.142612827627302E-002  0.874782345328430E-001  0.100051222964719E+001  0.823822864296617E+000                     NaN  0.366997803268000E+002 -0.535105662865051E+004
  0.320572409619293E+000  0.668244906048283E+000  0.495710245793886E-001  0.966199907732415E+000  0.217205391627479E-008  0.113480567030327E-002  0.672587768813327E-001  0.100629800825115E+001  0.817187381978534E+000                     NaN  0.335475780291950E+002 -0.535091465776494E+004
  0.328785017679531E+000  0.664324825514004E+000  0.502630804752055E-001  0.959032566220377E+000  0.218965316104728E-008  0.711705337125830E-003  0.710451832025733E-001  0.100252717271555E+001  0.834727180507922E+000                     NaN  0.362098425089783E+002 -0.535105591653564E+004
  0.313899931945149E+000  0.674119867273917E+000  0.490874670393309E-001  0.966815226216097E+000  0.223357376741210E-008  0.783088455669086E-003  0.871562986789363E-001  0.100001437621689E+001  0.834841818660106E+000                     NaN  0.367207541296675E+002 -0.535056493032894E+004
  0.307272188145580E+000  0.678086519598599E+000  0.484824319698003E-001  0.967068293364105E+000  0.217153619187829E-008  0.769338627847613E-003  0.746118919926547E-001  0.999598812262539E+000  0.818824341240965E+000                     NaN  0.367078945356613E+002 -0.535098262096052E+004
  0.319333652373767E+000  0.669093661042337E+000  0.495445038621699E-001  0.964856713707084E+000  0.220411071571363E-008  0.125602355129688E-002  0.789288479297280E-001  0.100103465641236E+001  0.818791538351039E+000                     NaN  0.366351295523858E+002 -0.535056167864819E+004
  0.310013495133362E+000  0.676015159334941E+000  0.485739649395908E-001  0.967215535809779E+000  0.220309266853401E-008  0.712797610482230E-003  0.743822507143317E-001  0.100733537664225E+001  0.828320130256350E+000                     NaN  0.324161506250214E+002 -0.535037797656973E+004
  0.316765152957522E+000  0.671554933595905E+000  0.493038005398528E-001  0.966292912157634E+000  0.214180362938449E-008  0.764778865552598E-003  0.645769061852972E-001  0.100123992976198E+001  0.818489179139551E+000                     NaN  0.365977765985451E+002 -0.535105374393913E+004
  0.312503044403052E+000  0.674018255768965E+000  0.488315491739703E-001  0.963558415479540E+000  0.219370211474962E-008  0.918631454108811E-003  0.793519308660038E-001  0.999505583300564E+000  0.821492974821900E+000                     NaN  0.367012148339019E+002 -0.535101166221408E+004
  0.328330073272114E+000  0.663347927925800E+000  0.502535694719944E-001  0.963528911132302E+000  0.221523344457658E-008  0.119578747880273E-002  0.787929288044947E-001  0.100214186406092E+001  0.827355967760450E+000                     NaN  0.363537641312796E+002 -0.535087636048462E+004
  0.319087383725170E+000  0.669485603093151E+000  0.495642042590949E-001  0.962539861447761E+000  0.224615649170552E-008  0.115512884388961E-002  0.885955773039883E-001  0.100094130078025E+001  0.828269209996914E+000                     NaN  0.366498868910050E+002 -0.535094971693221E+004
  0.311614906467919E+000  0.675566118324365E+000  0.490078109305369E-001  0.966126022873065E+000  0.218962210898122E-008  0.100369300906143E-002  0.727138213351740E-001  0.100562116211514E+001  0.819059274973817E+000                     NaN  0.341929735817374E+002 -0.535089762559306E+004
  0.315081082550826E+000  0.671578735811837E+000  0.492813557816589E-001  0.968559960256281E+000  0.218869720868405E-008  0.144475468251972E-002  0.753871818789489E-001  0.100266045048990E+001  0.808934414400433E+000                     NaN  0.361545309189804E+002 -0.535101645548075E+004
  0.327994290228626E+000  0.663974500707760E+000  0.503463295936924E-001  0.961470952312734E+000  0.216472247486121E-008  0.115896631617667E-002  0.682705686229437E-001  0.100024731605639E+001  0.817957458326763E+000                     NaN  0.367158774451764E+002 -0.535101948076112E+004
  0.319080186341381E+000  0.669477485739237E+000  0.494269705075641E-001  0.961589288312846E+000  0.220239494476285E-008  0.791449531693552E-003  0.793592673164978E-001  0.999500512975268E+000  0.829109332224692E+000                     NaN  0.367008116806864E+002 -0.535097309026722E+004
  0.308493480675400E+000  0.677959431050242E+000  0.483999981065027E-001  0.965693652104222E+000  0.213294168802547E-008  0.643022838592118E-003  0.624291725831279E-001  0.100158256724150E+001  0.816698107741698E+000                     NaN  0.365204091378057E+002 -0.535099935693837E+004
  0.311967059237061E+000  0.675185715006785E+000  0.488530920506795E-001  0.962737389994974E+000  0.218370921679084E-008  0.679667874495708E-003  0.750649129424551E-001  0.100002462035470E+001  0.825403150933719E+000                     NaN  0.367207221707672E+002 -0.535090770528653E+004
  0.326275634175829E+000  0.664910975439104E+000  0.502209002560762E-001  0.962299623896596E+000  0.223229877062851E-008  0.127629122586365E-002  0.835273411874956E-001  0.100180999033892E+001  0.826715939262852E+000                     NaN  0.364586854615566E+002 -0.535077715203576E+004
  0.316560762896500E+000  0.671244774995254E+000  0.493762711534733E-001  0.966090722908934E+000  0.220791813788047E-008  0.140468159800939E-002  0.798316770781560E-001  0.100137082190938E+001  0.814725994232529E+000                     NaN  0.365704384471379E+002 -0.535094514302076E+004
  0.324791272716546E+000  0.663822689239275E+000  0.503886521633681E-001  0.966764285303673E+000  0.221471506342039E-008  0.222709942389823E-002  0.819206055522863E-001  0.100223236310119E+001  0.796710716502882E+000                     NaN  0.363220950624715E+002 -0.535107597102852E+004
  0.308913965182489E+000  0.678291514940036E+000  0.486186529526764E-001  0.967191392526431E+000  0.225918802439468E-008  0.710104390051854E-003  0.867096355228497E-001  0.100613232897724E+001  0.839637961352145E+000                     NaN  0.337123339689042E+002 -0.535040374674218E+004
  0.318541825745634E+000  0.669488003140923E+000  0.491623156876133E-001  0.963455279369695E+000  0.215360020586500E-008  0.737969515754964E-003  0.665761944688444E-001  0.100238273385612E+001  0.821708186289533E+000                     NaN  0.362665770133872E+002 -0.535095761020394E+004
  0.321695607018671E+000  0.668175626275415E+000  0.495262986427031E-001  0.964538541602007E+000  0.214809814572783E-008  0.690875127487671E-003  0.675175705404184E-001  0.999110584628718E+000  0.824524935446392E+000                     NaN  0.366574858875027E+002 -0.535102902092939E+004
  0.325694659496172E+000  0.664225670229617E+000  0.504908357542836E-001  0.965889617008651E+000  0.224890511661373E-008  0.176703221126376E-002  0.889458332484242E-001  0.100136205419114E+001  0.815700058945052E+000                     NaN  0.365723553341491E+002 -0.535105743042663E+004
  0.313690366885325E+000  0.673575651358038E+000  0.489938727580314E-001  0.963419016712774E+000  0.213797074151997E-008  0.810610493230813E-003  0.644017200504371E-001  0.100125262302938E+001  0.814394937333386E+000                     NaN  0.365952455074169E+002 -0.535094586142090E+004
  0.336642605973470E+000  0.655751857218051E+000  0.513876925440887E-001  0.962202015503481E+000  0.221126712635121E-008  0.244142634451600E-002  0.762183208107989E-001  0.100538750690443E+001  0.795443271341676E+000                     NaN  0.343987522120968E+002 -0.535091412868609E+004
  0.312856086598915E+000  0.674487673483503E+000  0.488283058521844E-001  0.964045620568182E+000  0.220592654346362E-008  0.965365330383457E-003  0.787658541846484E-001  0.100190326904271E+001  0.824235845242257E+000                     NaN  0.364309760198011E+002 -0.535104886462767E+004
  0.312919271683310E+000  0.675121991418889E+000  0.488104034289540E-001  0.966524667042373E+000  0.221680926854476E-008  0.638990952903228E-003  0.853919460014195E-001  0.996934330519221E+000  0.835814466905915E+000                     NaN  0.359689043144862E+002 -0.535106710867517E+004
  0.329683403983746E+000  0.663174776460481E+000  0.502053479385387E-001  0.959427108751914E+000  0.219969563081074E-008  0.626318556563052E-003  0.731130883799667E-001  0.100318285425072E+001  0.839001485620652E+000                     NaN  0.359103257692125E+002 -0.535095418752526E+004
  0.316603838531256E+000  0.672166810460998E+000  0.491161068936534E-001  0.962612323026507E+000  0.226495196237833E-008  0.726969834040363E-003  0.872188647932701E-001  0.100516405017176E+001  0.842915536472045E+000                     NaN  0.345873775296025E+002 -0.535090561165642E+004
  0.316756363201352E+000  0.671198872222921E+000  0.491768763938908E-001  0.966424752988419E+000  0.218942810792839E-008  0.114040023237850E-002  0.763480294918590E-001  0.100128775519134E+001  0.819060445058514E+000                     NaN  0.365881055890902E+002 -0.535100686896160E+004
  0.317033940108431E+000  0.672097791413064E+000  0.491428777527500E-001  0.962550714044647E+000  0.217679318498076E-008  0.818316132251989E-003  0.672164241577075E-001  0.100549603557504E+001  0.824860319832146E+000                     NaN  0.343042581003471E+002 -0.535104441846350E+004
  0.312950771396506E+000  0.674299433585753E+000  0.491977949404153E-001  0.968754819654066E+000  0.218066161838741E-008  0.106055162213961E-002  0.724097578349252E-001  0.100331760456155E+001  0.816779644327423E+000                     NaN  0.358402506615723E+002 -0.535105136493110E+004
  0.323010414966495E+000  0.666558195008051E+000  0.502256230836661E-001  0.964140819820530E+000  0.222375922461232E-008  0.162294021616808E-002  0.810615734198694E-001  0.100344029521726E+001  0.813566466244855E+000                     NaN  0.357739201691644E+002 -0.535069572117839E+004
  0.312047655333306E+000  0.674297230195746E+000  0.490276223720337E-001  0.966764111502644E+000  0.219276132791670E-008  0.134825498167994E-002  0.728199514316677E-001  0.100696304034769E+001  0.810533546216903E+000                     NaN  0.328420561930373E+002 -0.535097142358189E+004
  0.317822339688575E+000  0.670910299914351E+000  0.494542482471220E-001  0.964610847915486E+000  0.213320189667364E-008  0.108494601835911E-002  0.660822490576117E-001  0.997291060842687E+000  0.809569842831597E+000                     NaN  0.361337025550747E+002 -0.535103129600707E+004
  0.311712822504686E+000  0.675166308800627E+000  0.487884998952855E-001  0.969078878911821E+000  0.221488544212230E-008  0.914319984512591E-003  0.805879091775376E-001  0.100237620275974E+001  0.827539918601443E+000                     NaN  0.362690634992837E+002 -0.535103587963967E+004
  0.321697303251243E+000  0.666707782494081E+000  0.498309242386356E-001  0.963736222439296E+000  0.216335720537702E-008  0.163791803328101E-002  0.690916452670736E-001  0.100211594883407E+001  0.801505996866604E+000                     NaN  0.363625915062457E+002 -0.535097696144016E+004
  0.316225113089313E+000  0.671776895606015E+000  0.491241131932073E-001  0.962647833258194E+000  0.223374401527692E-008  0.682694782768081E-003  0.851733564164605E-001  0.100210716933341E+001  0.837009338979100E+000                     NaN  0.363655576557450E+002 -0.535106789217480E+004
  0.320375151126035E+000  0.668897783261737E+000  0.494296605947053E-001  0.963292823626439E+000  0.214425241944810E-008  0.938258703818666E-003  0.638889215402697E-001  0.100193827129368E+001  0.816677858219901E+000                     NaN  0.364202190150827E+002 -0.535072555802317E+004
  0.313785631274832E+000  0.673019104097723E+000  0.492021103776710E-001  0.967260271400993E+000  0.218464543661341E-008  0.150937371441228E-002  0.706718072336525E-001  0.100660230807949E+001  0.806109195712156E+000                     NaN  0.332335329056018E+002 -0.535089603388841E+004
  0.321533741440597E+000  0.668298361580765E+000  0.497890950342948E-001  0.965452797985849E+000  0.220658295151181E-008  0.979208824536440E-003  0.799348275847014E-001  0.999865418202327E+000  0.827792076498952E+000                     NaN  0.367193216828953E+002 -0.535077033846859E+004
  0.313490806109112E+000  0.674560385071086E+000  0.491234879534719E-001  0.965967574133474E+000  0.215655983162224E-008  0.921232695218298E-003  0.680658325197813E-001  0.100148554514642E+001  0.816503361340720E+000                     NaN  0.365442231131516E+002 -0.535084470252795E+004
  0.321087840838913E+000  0.668081330184905E+000  0.496858850116778E-001  0.961812475998278E+000  0.223381633852954E-008  0.100778859144585E-002  0.829944872149957E-001  0.100277847648654E+001  0.830381525735251E+000                     NaN  0.361031761368159E+002 -0.535077232955772E+004
  0.325410330354826E+000  0.664887357618571E+000  0.499723896243954E-001  0.963754856772619E+000  0.221221219988256E-008  0.109807640682152E-002  0.795286909030996E-001  0.100166664535822E+001  0.827180762609216E+000                     NaN  0.364985541237091E+002 -0.535067388615870E+004
  0.315046776220981E+000  0.672646031603027E+000  0.492639147556206E-001  0.966520149021512E+000  0.227185614154519E-008  0.118009415061768E-002  0.966736670529078E-001  0.999230449826351E+000  0.831595886653443E+000                     NaN  0.366733940661354E+002 -0.535098266480860E+004
  0.325425046932558E+000  0.665391462053770E+000  0.499325400407372E-001  0.960374337097242E+000  0.211382738843011E-008  0.783502607920596E-003  0.581416421174846E-001  0.998978928186298E+000  0.815744738315902E+000                     NaN  0.366373636518176E+002 -0.535106487799839E+004
  0.318786708968700E+000  0.670154336139091E+000  0.496627785735308E-001  0.965872044284669E+000  0.225461813980554E-008  0.124766822605457E-002  0.907443533303213E-001  0.100009855470530E+001  0.828513376652567E+000                     NaN  0.367199936213215E+002 -0.535100919852702E+004
  0.312214850837747E+000  0.674791327605979E+000  0.489655432740353E-001  0.968785568096855E+000  0.224003249765271E-008  0.110127772823348E-002  0.920261215997247E-001  0.997462316611936E+000  0.827216058637821E+000                     NaN  0.362055837054719E+002 -0.535099362861134E+004
  0.317349521185417E+000  0.670977641319315E+000  0.491227593694414E-001  0.962452734632281E+000  0.217820982742927E-008  0.840227154543618E-003  0.735738245657124E-001  0.100044744478360E+001  0.823939328548342E+000                     NaN  0.367047541169666E+002 -0.535070020244488E+004
  0.312966329472703E+000  0.674592578038624E+000  0.488228875048738E-001  0.965645967320278E+000  0.221372960408176E-008  0.706138346564592E-003  0.851055975312523E-001  0.997007378238985E+000  0.832677919218989E+000                     NaN  0.360043078633563E+002 -0.535065870627144E+004
  0.335552096090267E+000  0.657454279013154E+000  0.512073128422634E-001  0.962596281737282E+000  0.218460869827463E-008  0.206884566935507E-002  0.725462227684861E-001  0.100192858848171E+001  0.800962650182355E+000                     NaN  0.364232143811738E+002 -0.535096983990198E+004
  0.309979738315524E+000  0.675956118367038E+000  0.488772959528259E-001  0.969199276300607E+000  0.219194737233209E-008  0.132177765548365E-002  0.780723632996749E-001  0.100160502511647E+001  0.810679028100904E+000                     NaN  0.365146822137572E+002 -0.535101737953208E+004
  0.307808781626315E+000  0.678728208555849E+000  0.486310373621697E-001  0.970089534414314E+000  0.226290655682911E-008  0.656840295992414E-003  0.934963086657065E-001  0.100143247099685E+001  0.840746189610700E+000                     NaN  0.365566128111720E+002 -0.535105525999570E+004
  0.336915421514855E+000  0.655634130376353E+000  0.516057084511193E-001  0.963381355864441E+000  0.225230596447511E-008  0.258793801671790E-002  0.878165020527805E-001  0.100305691938294E+001  0.798940400676682E+000                     NaN  0.359731901746133E+002 -0.535105483771016E+004
  0.323231058142785E+000  0.666470056460239E+000  0.497547809727275E-001  0.964044176051137E+000  0.226709561648517E-008  0.114418174054212E-002  0.898249787746465E-001  0.100369747918830E+001  0.835474080614215E+000                     NaN  0.356270624758829E+002 -0.535087623738739E+004
  0.321855351333214E+000  0.667633058829285E+000  0.497594762094018E-001  0.964091901661237E+000  0.222557218039820E-008  0.133512773982806E-002  0.831174139228453E-001  0.100174981553001E+001  0.822194321413089E+000                     NaN  0.364758223125912E+002 -0.535081400436587E+004
  0.327988953215861E+000  0.664361815249946E+000  0.502042000588946E-001  0.957482978014712E+000  0.219298380362373E-008  0.675120389118512E-003  0.694561225873504E-001  0.100468934830905E+001  0.834540271786415E+000                     NaN  0.349615716586261E+002 -0.535097298260674E+004
  0.319527393451748E+000  0.668333685891276E+000  0.494211554895633E-001  0.964101482816352E+000  0.217396130341819E-008  0.111238609088299E-002  0.706807332276955E-001  0.100297918231919E+001  0.816242897432166E+000                     NaN  0.360107284804379E+002 -0.535076052925856E+004
  0.312146749126094E+000  0.675649456043808E+000  0.491901901486134E-001  0.965678886255155E+000  0.222016296861120E-008  0.106276258282785E-002  0.820086749736597E-001  0.100193181815601E+001  0.823484411975912E+000                     NaN  0.364222169526845E+002 -0.535100364203571E+004
  0.313315734502846E+000  0.674702807423546E+000  0.490989887602186E-001  0.964140810137895E+000  0.223913960346371E-008  0.625317723199512E-003  0.895355455831096E-001  0.998093787038269E+000  0.838296116368078E+000                     NaN  0.364300788352788E+002 -0.535098386409205E+004
  0.310492868665124E+000  0.676573026243834E+000  0.487731299186412E-001  0.966519642367108E+000  0.226328041898999E-008  0.722799511404447E-003  0.940458816122801E-001  0.100030729564528E+001  0.839866239679293E+000                     NaN  0.367132162146280E+002 -0.535078076891960E+004
  0.327628964257378E+000  0.664172960874589E+000  0.502251533025160E-001  0.959217712257444E+000  0.217077235087513E-008  0.888895817723126E-003  0.752805903378651E-001  0.994814114513750E+000  0.824891239028341E+000                     NaN  0.345692980015965E+002 -0.535104884914014E+004
  0.323371976516914E+000  0.666101455347069E+000  0.497276517752552E-001  0.962767424963045E+000  0.217925081476713E-008  0.127378499848950E-002  0.771552798717285E-001  0.996773022016512E+000  0.815533605115606E+000                     NaN  0.358876997112433E+002 -0.535105606924871E+004
  0.326806299260402E+000  0.664414288007350E+000  0.503908768951353E-001  0.962536018917555E+000  0.219598805796895E-008  0.151436435389018E-002  0.778025828438175E-001  0.999381089245750E+000  0.813828381949433E+000                     NaN  0.366901266219784E+002 -0.535092992325031E+004
  0.332238481435069E+000  0.660895552594018E+000  0.504297496172483E-001  0.960428469682621E+000  0.217529502111227E-008  0.956642242307718E-003  0.671385740252302E-001  0.100356313347613E+001  0.827488898880529E+000                     NaN  0.357050970502163E+002 -0.535099316951313E+004
  0.319174355570488E+000  0.668922608505971E+000  0.492612614926968E-001  0.963440369885638E+000  0.214130444364619E-008  0.938067078538844E-003  0.675383812467942E-001  0.998535652923530E+000  0.814681006812358E+000                     NaN  0.365492256748873E+002 -0.535101664155005E+004
  0.331351371540673E+000  0.661319427090491E+000  0.506901700994252E-001  0.959976907301152E+000  0.223703352313641E-008  0.142738359137629E-002  0.807719153909790E-001  0.100440065541748E+001  0.825451830804597E+000                     NaN  0.351715092154418E+002 -0.535088390980993E+004
  0.327165965647877E+000  0.663703975675049E+000  0.504143062051560E-001  0.966122827407056E+000  0.227625450498000E-008  0.161928340570793E-002  0.916077472447541E-001  0.100432948240301E+001  0.826616255316174E+000                     NaN  0.352212172334797E+002 -0.535102324602527E+004
  0.319557038327118E+000  0.669705997160499E+000  0.495672239918904E-001  0.964176416033994E+000  0.216255585917828E-008  0.920967378621630E-003  0.695697580784222E-001  0.100066118776996E+001  0.819719666617656E+000                     NaN  0.366857971223453E+002 -0.535050372119210E+004
  0.319934655117893E+000  0.669047092609512E+000  0.494957399967284E-001  0.965197319934227E+000  0.216441590182385E-008  0.882181423244157E-003  0.678425405894090E-001  0.100228337594131E+001  0.821429314815258E+000                     NaN  0.363036662085686E+002 -0.535087045266266E+004
  0.324195544866574E+000  0.665806843663385E+000  0.498502255299180E-001  0.963607394380363E+000  0.217148027647100E-008  0.950252397011252E-003  0.658164719137684E-001  0.100554981517851E+001  0.822556719569105E+000                     NaN  0.342567347824680E+002 -0.535075013387719E+004
  0.328340378708716E+000  0.662308639175280E+000  0.503914949900735E-001  0.964575714051037E+000  0.216726329326983E-008  0.167899101807503E-002  0.685566440396374E-001  0.100271291588125E+001  0.805013906195714E+000                     NaN  0.361319776574161E+002 -0.535087010592856E+004
  0.319282945062423E+000  0.670014189873548E+000  0.495328773219171E-001  0.961948977268505E+000  0.213480813492838E-008  0.917940828865855E-003  0.631835663038970E-001  0.999839373465883E+000  0.813913914246042E+000                     NaN  0.367187065930395E+002 -0.535084011091573E+004
  0.327967673568321E+000  0.663202351156905E+000  0.504987537124618E-001  0.964566966767587E+000  0.223604597672903E-008  0.155317508756849E-002  0.839415966528537E-001  0.100220817128136E+001  0.820827109842733E+000                     NaN  0.363306890310920E+002 -0.535080724232976E+004
  0.324354771052462E+000  0.666592968305673E+000  0.497601609686206E-001  0.962008714675165E+000  0.221237610924070E-008  0.653735236706566E-003  0.823582243182354E-001  0.997870822747913E+000  0.838540036071969E+000                     NaN  0.363580990020521E+002 -0.535087161698027E+004
  0.319917364022458E+000  0.669689733833040E+000  0.495349023649114E-001  0.960394395962792E+000  0.219837312663246E-008  0.641561453551288E-003  0.744210554846498E-001  0.100261245172029E+001  0.832610258833520E+000                     NaN  0.361747783444475E+002 -0.535064788987268E+004
  0.319754561574033E+000  0.669427777424512E+000  0.492115829533051E-001  0.962481198461197E+000  0.217699826590175E-008  0.746760081051824E-003  0.745453006194390E-001  0.997967100659102E+000  0.827697944835410E+000                     NaN  0.363901562852986E+002 -0.535107463966775E+004
  0.319559379278076E+000  0.669006333886808E+000  0.497778157431584E-001  0.966604716151119E+000  0.227831233119378E-008  0.150267200710677E-002  0.971981190641513E-001  0.100021701465626E+001  0.826107747073834E+000                     NaN  0.367170030348340E+002 -0.535107465955621E+004
  0.325013719903090E+000  0.665864849447258E+000  0.499527995539210E-001  0.962402391625330E+000  0.217063219323373E-008  0.856154952293954E-003  0.664697221404917E-001  0.100359652658749E+001  0.825375577612754E+000                     NaN  0.356859703841534E+002 -0.535094855446717E+004
  0.311187261147022E+000  0.675755518542225E+000  0.487605009838625E-001  0.967643280967515E+000  0.219693486923477E-008  0.771298042147188E-003  0.774303200399744E-001  0.100150108047015E+001  0.827011964014953E+000                     NaN  0.365405112574868E+002 -0.535045261169327E+004
  0.333064273959767E+000  0.658538158815741E+000  0.510088698567807E-001  0.962732070327462E+000  0.215344825616450E-008  0.200890654189099E-002  0.664885432609363E-001  0.100135379305773E+001  0.794562248630621E+000                     NaN  0.365741502122647E+002 -0.535106611308608E+004
  0.311753873513170E+000  0.675230165794487E+000  0.490474224525275E-001  0.966561294987604E+000  0.221878176575374E-008  0.104731175773662E-002  0.823124330925898E-001  0.100277175805470E+001  0.823176742752530E+000                     NaN  0.361061592466139E+002 -0.535085883242317E+004
  0.318473459445922E+000  0.670572198679460E+000  0.495791774683907E-001  0.961334021519590E+000  0.215741834090876E-008  0.998222193474117E-003  0.683466407509992E-001  0.100055067437835E+001  0.815372246164948E+000                     NaN  0.366965112820386E+002 -0.535107725996273E+004
  0.323267283422827E+000  0.667649592949883E+000  0.498828988490818E-001  0.963780540687503E+000  0.216596683419698E-008  0.885310182346127E-003  0.718593287020694E-001  0.997968645761208E+000  0.823789872955082E+000                     NaN  0.363906586602397E+002 -0.535090024839808E+004
  0.322869202137545E+000  0.667749321623936E+000  0.500711707622084E-001  0.964084926177005E+000  0.220802998206849E-008  0.114409595937279E-002  0.823222018898873E-001  0.997907097421071E+000  0.824168464303312E+000                     NaN  0.363703513673256E+002 -0.535105112937390E+004
  0.320854678887852E+000  0.669333090984572E+000  0.498986022318517E-001  0.964388465876581E+000  0.225996039333125E-008  0.888916988513852E-003  0.864903495297705E-001  0.100502099973417E+001  0.839182594079947E+000                     NaN  0.347039355972751E+002 -0.535094588211728E+004
  0.318543039962069E+000  0.670363367895336E+000  0.492434034402450E-001  0.961883842353281E+000  0.216239550400620E-008  0.841903113107059E-003  0.694731749440018E-001  0.100055169778588E+001  0.821364750353728E+000                     NaN  0.366964210279606E+002 -0.535079385416111E+004
  0.321014334243922E+000  0.668349205408053E+000  0.496457856779474E-001  0.963563693644419E+000  0.223980544208805E-008  0.108559547819176E-002  0.894216631356276E-001  0.998517011355924E+000  0.830615378219126E+000                     NaN  0.365448302382397E+002 -0.535090874767815E+004
  0.317990857710762E+000  0.671188407142301E+000  0.495938283129535E-001  0.964144049705093E+000  0.224350976109879E-008  0.115056821843565E-002  0.864823342496700E-001  0.100211725159037E+001  0.828549964896145E+000                     NaN  0.363621503199639E+002 -0.535078164175700E+004
  0.328717342326046E+000  0.664020331421336E+000  0.504782935023423E-001  0.960409913013347E+000  0.219782468822957E-008  0.114455279183559E-002  0.725095426477099E-001  0.100362185753442E+001  0.825020492435664E+000                     NaN  0.356713425037468E+002 -0.535101023541934E+004
  0.317100178623773E+000  0.671202981340159E+000  0.493334450163832E-001  0.962524175817063E+000  0.214186917269112E-008  0.725038586560285E-003  0.661562903555911E-001  0.999003980198873E+000  0.818503096874264E+000                     NaN  0.366414062281775E+002 -0.535104201733898E+004
  0.319742293532890E+000  0.669163679565776E+000  0.495964191425584E-001  0.962357719887675E+000  0.215504673668353E-008  0.909911660927227E-003  0.679547960731979E-001  0.999884610855068E+000  0.817439206800792E+000                     NaN  0.367197054913350E+002 -0.535098111815395E+004
  0.316082710926957E+000  0.672854793604799E+000  0.492273106889975E-001  0.967422307339297E+000  0.224577855522473E-008  0.856578453842669E-003  0.831843843913472E-001  0.100635843392506E+001  0.837460955209405E+000                     NaN  0.334863961053700E+002 -0.535078334896898E+004
  0.317980101631626E+000  0.670738809945562E+000  0.491773043544512E-001  0.965010554964715E+000  0.214067093404950E-008  0.601626514538458E-003  0.668233903984743E-001  0.997980044338559E+000  0.823407889422395E+000                     NaN  0.363943529937813E+002 -0.535081178590052E+004
  0.325982750590805E+000  0.665482988061575E+000  0.500783457296086E-001  0.961775955814726E+000  0.215317170853373E-008  0.103549949393143E-002  0.649129729247542E-001  0.100177037276984E+001  0.818394596202078E+000                     NaN  0.364700330841819E+002 -0.535078937878777E+004
  0.308168685084638E+000  0.678294490664785E+000  0.483228223228747E-001  0.965519825766536E+000  0.224767161277622E-008  0.614369676776565E-003  0.890667695785056E-001  0.100143265061259E+001  0.839168515537029E+000                     NaN  0.365565716414971E+002 -0.535092712570695E+004
  0.322959397248045E+000  0.667609624127425E+000  0.497207001426677E-001  0.962750704636071E+000  0.218437066025651E-008  0.794344961282538E-003  0.767931343743492E-001  0.997083822777520E+000  0.829204286741738E+000                     NaN  0.360404434962837E+002 -0.535069233072008E+004
  0.319387174824859E+000  0.669747548137099E+000  0.496694274710669E-001  0.964040300750953E+000  0.217126522114986E-008  0.125448236198213E-002  0.726054054284564E-001  0.999870461296709E+000  0.812912212571278E+000                     NaN  0.367194282416644E+002 -0.535080456585072E+004
  0.307359833985605E+000  0.679157653648607E+000  0.484769163293412E-001  0.967774127923300E+000  0.226921097422949E-008  0.809487763967376E-003  0.907238037230087E-001  0.100460896156138E+001  0.838066321715260E+000                     NaN  0.350213685297745E+002 -0.535076117606776E+004
  0.330652328710868E+000  0.661513458287610E+000  0.506825999904845E-001  0.961057425367966E+000  0.222645817234298E-008  0.167369005711211E-002  0.805291766478160E-001  0.100267178825331E+001  0.816881915105396E+000                     NaN  0.361496944660736E+002 -0.535107145745143E+004
  0.317360655856066E+000  0.670644147914993E+000  0.494339519777117E-001  0.962742165668302E+000  0.216317932689499E-008  0.100559078196373E-002  0.682299535278342E-001  0.100231123609700E+001  0.815337923033539E+000                     NaN  0.362934256800292E+002 -0.535091932181207E+004
  0.323633017981567E+000  0.666085368204358E+000  0.500454777586436E-001  0.961469793835097E+000  0.221363934686159E-008  0.142700552142197E-002  0.826677022850984E-001  0.998924717375971E+000  0.816808929595097E+000                     NaN  0.366282720459933E+002 -0.535103409540336E+004
  0.322151501605872E+000  0.667517641826174E+000  0.497560004504331E-001  0.963020132745937E+000  0.220148540556464E-008  0.813424029128182E-003  0.752474778313322E-001  0.100305330205712E+001  0.830207047019634E+000                     NaN  0.359749583875554E+002 -0.535073096347583E+004
  0.312301313910494E+000  0.674109120542687E+000  0.490721043921799E-001  0.967601796510731E+000  0.218970501755148E-008  0.141001303792662E-002  0.716456881328068E-001  0.100680554986795E+001  0.808756419244464E+000                     NaN  0.330155299433089E+002 -0.535070971360359E+004
  0.314636350249561E+000  0.674047039726350E+000  0.492327814051924E-001  0.965837806220494E+000  0.217729277444279E-008  0.694061926832817E-003  0.729778844187968E-001  0.100043539380620E+001  0.826657942155612E+000                     NaN  0.367056052423983E+002 -0.535072585561303E+004
  0.315112801603778E+000  0.672866480138907E+000  0.492270617014614E-001  0.966773674627991E+000  0.229944031230174E-008  0.919187726123047E-003  0.976571234419243E-001  0.100364183878316E+001  0.843707771084624E+000                     NaN  0.356597314859131E+002 -0.535092962204043E+004
  0.317732227151852E+000  0.669680305015270E+000  0.495063139369548E-001  0.964781080550710E+000  0.217850362824478E-008  0.132725260336714E-002  0.708012219894053E-001  0.100403674821241E+001  0.810170074925005E+000                     NaN  0.354171437732859E+002 -0.535091256338999E+004
  0.318397433559794E+000  0.670396823521448E+000  0.493346131754155E-001  0.961935573111318E+000  0.213237384835786E-008  0.874270277613228E-003  0.605719136610983E-001  0.100287249782401E+001  0.814240020073785E+000                     NaN  0.360606711637988E+002 -0.535092914221947E+004
  0.320695783024571E+000  0.669021705307218E+000  0.493438189921670E-001  0.961966625264589E+000  0.213945861234648E-008  0.651152112538073E-003  0.645753924664232E-001  0.998712790441331E+000  0.823139364337438E+000                     NaN  0.365882179878822E+002 -0.535094326528445E+004
  0.318558251769180E+000  0.670153277935378E+000  0.493859334932183E-001  0.963941817303634E+000  0.216217744106160E-008  0.956960257530972E-003  0.644801060484283E-001  0.100484245833686E+001  0.818309840854166E+000                     NaN  0.348448184441752E+002 -0.535084890962223E+004
  0.328265708289498E+000  0.662021752371367E+000  0.506643745898957E-001  0.963752342089649E+000  0.218055084528406E-008  0.209343488532459E-002  0.734315078123300E-001  0.100131155889328E+001  0.795640161860253E+000                     NaN  0.365831557252724E+002 -0.535098615640255E+004
  0.332711079803521E+000  0.658928789781378E+000  0.506458264352875E-001  0.961650955510050E+000  0.219459078496469E-008  0.159035257906460E-002  0.762068242602879E-001  0.100097770197821E+001  0.813424048957127E+000                     NaN  0.366442985710609E+002 -0.535107579199643E+004
  0.306775939422835E+000  0.679529230374258E+000  0.484229036589934E-001  0.964779436596405E+000  0.219531537624198E-008  0.717571525134585E-003  0.750044457231867E-001  0.100424342254523E+001  0.825121483801333E+000                     NaN  0.352802398719274E+002 -0.535090489177993E+004
  0.317022354515972E+000  0.671327927368887E+000  0.490531338779986E-001  0.962497752575086E+000  0.219085894512390E-008  0.670313848547544E-003  0.771633922325723E-001  0.998852578514331E+000  0.830223527645755E+000                     NaN  0.366154445784545E+002 -0.535069864025541E+004
  0.319406090680603E+000  0.669282517800069E+000  0.494457395651359E-001  0.962477959992345E+000  0.214772916489663E-008  0.102729741917835E-002  0.677368821650677E-001  0.998902655403921E+000  0.813826911498140E+000                     NaN  0.366244374507130E+002 -0.535070750445624E+004
  0.314810761149774E+000  0.673546533144412E+000  0.494132365358501E-001  0.966630734651101E+000  0.221140248967386E-008  0.963655898834224E-003  0.803158678381575E-001  0.100171073168558E+001  0.825763169406987E+000                     NaN  0.364866424317135E+002 -0.535086654426854E+004
  0.310386571626363E+000  0.675338952712416E+000  0.484945221623219E-001  0.964469083897514E+000  0.219205982030896E-008  0.893131713133427E-003  0.747651818369637E-001  0.100393366566074E+001  0.821368229380240E+000                     NaN  0.354828726212747E+002 -0.535098211720577E+004
  0.304003948854274E+000  0.680471771003697E+000  0.480522817158700E-001  0.967805060494467E+000  0.216242459158416E-008  0.603139292164413E-003  0.733945896186484E-001  0.999604339412363E+000  0.819969287953500E+000                     NaN  0.367082468796677E+002 -0.535098731124971E+004
  0.323418025732773E+000  0.666553616048580E+000  0.498816881119606E-001  0.964410767159339E+000  0.217800115262380E-008  0.113638418328166E-002  0.745427326197720E-001  0.998482667931225E+000  0.819075083631019E+000                     NaN  0.365365869351618E+002 -0.535080882090359E+004
  0.319010523343562E+000  0.669327792428008E+000  0.494900961184882E-001  0.965946459887811E+000  0.219420443739989E-008  0.108837001535177E-002  0.814911988744945E-001  0.997089525229094E+000  0.821255852290595E+000                     NaN  0.360431015923502E+002 -0.535089399776469E+004
  0.323737281827534E+000  0.666557104346167E+000  0.498895612500175E-001  0.963430528991118E+000  0.218343168751994E-008  0.936940405345755E-003  0.733003044743813E-001  0.100048872879864E+001  0.825083154076551E+000                     NaN  0.367016621966272E+002 -0.535074662406839E+004
